0 0.090734 0.582474 0.127413 0.309278
0 0.241313 0.634021 0.150579 0.298969
0 0.407336 0.608247 0.150579 0.298969
0 0.671815 0.610825 0.138996 0.314433
0 0.884170 0.582474 0.154440 0.298969
0 0.876448 0.407216 0.169884 0.402062
0 0.785714 0.268041 0.135135 0.360825
0 0.660232 0.407216 0.162162 0.402062
0 0.640927 0.250000 0.131274 0.293814
0 0.490347 0.422680 0.138996 0.391753
0 0.247104 0.407216 0.138996 0.391753
0 0.079151 0.391753 0.142857 0.381443
0 0.198842 0.280928 0.142857 0.335052
0 0.332046 0.268041 0.108108 0.309278
0 0.501931 0.265464 0.131274 0.324742
