0 0.094595 0.618557 0.111969 0.175258
0 0.204633 0.628866 0.108108 0.175258
0 0.306950 0.636598 0.111969 0.190722
0 0.411197 0.646907 0.111969 0.190722
0 0.515444 0.652062 0.111969 0.180412
0 0.633205 0.662371 0.108108 0.201031
0 0.752896 0.680412 0.115830 0.206186
0 0.882239 0.695876 0.135135 0.206186
0 0.839768 0.512887 0.104247 0.252577
0 0.752896 0.458763 0.092664 0.226804
0 0.702703 0.500000 0.084942 0.247423
0 0.619691 0.445876 0.088803 0.231959
0 0.554054 0.510309 0.096525 0.237113
0 0.478764 0.443299 0.092664 0.206186
0 0.434363 0.492268 0.088803 0.221649
0 0.380309 0.440722 0.096525 0.201031
0 0.291506 0.500000 0.104247 0.237113
0 0.270270 0.430412 0.084942 0.201031
